Full
 
Fe2p
1
735.0000
-0.09925558
404
-0.878086
-0.653438
-0.878423
-0.755968
0.706795
0.730361
0.709039
0.707509
0.677923
0.710569
0.715772
0.685166
0.694552
0.686799
0.708631
0.713018
0.682208
0.69241
0.690369
0.67578
0.705162
0.662212
0.708223
0.675474
0.680371
0.669965
0.675576
0.665476
0.677515
0.691593
0.687921
0.68282
0.676495
0.664558
0.661192
0.68588
0.686084
0.651806
0.711487
0.676393
0.67578
0.673638
0.711793
0.678331
0.696286
0.694756
0.689247
0.675882
0.68435
0.714854
0.690063
0.690369
0.672924
0.69496
0.697613
0.709957
0.674352
0.696695
0.688839
0.6919
0.701387
0.709855
0.730463
0.708733
0.699347
0.69496
0.722098
0.71465
0.721281
0.728423
0.718119
0.725158
0.741685
0.731891
0.730769
0.699755
0.713732
0.734238
0.715874
0.722506
0.721587
0.750357
0.714752
0.741685
0.718629
0.704142
0.697001
0.717405
0.729137
0.71414
0.690777
0.714752
0.688329
0.715364
0.694042
0.690063
0.683636
0.677923
0.68537
0.688839
0.674454
0.656397
0.645174
0.665374
0.653846
0.67374
0.665884
0.678127
0.652418
0.67272
0.656091
0.643848
0.629055
0.657213
0.666395
0.654662
0.661294
0.64293
0.653438
0.668333
0.663946
0.651194
0.657825
0.667925
0.666701
0.688635
0.677617
0.674658
0.683432
0.676699
0.678535
0.682208
0.708631
0.697919
0.702612
0.717507
0.722302
0.738829
0.741787
0.748419
0.759641
0.755152
0.760355
0.752295
0.759947
0.775862
0.790349
0.797796
0.802999
0.808406
0.819731
0.83942
0.823709
0.832993
0.826566
0.831769
0.8788
0.850031
0.850847
0.858906
0.894103
0.86717
0.848602
0.883697
0.891655
0.879004
0.855948
0.864823
0.89849
0.863905
0.853397
0.854315
0.838298
0.803407
0.792695
0.791471
0.767292
0.797286
0.758111
0.749439
0.732095
0.701489
0.675168
0.672312
0.655989
0.626097
0.624668
0.592736
0.595593
0.570598
0.566415
0.545195
0.561824
0.55356
0.541216
0.534789
0.524485
0.529484
0.519486
0.522138
0.545399
0.540502
0.532034
0.531116
0.521016
0.528464
0.543563
0.537033
0.541624
0.554275
0.538257
0.564885
0.564885
0.55958
0.554377
0.575903
0.556213
0.538359
0.546827
0.542542
0.550602
0.551622
0.563558
0.516425
0.537033
0.517751
0.540808
0.508366
0.505407
0.503877
0.467864
0.501428
0.501734
0.478882
0.497756
0.476739
0.49143
0.452663
0.462048
0.439196
0.446848
0.448684
0.451438
0.436748
0.439808
0.445113
0.430524
0.431851
0.461947
0.423077
0.402673
0.434503
0.407978
0.424097
0.437258
0.430626
0.435829
0.432463
0.439298
0.458376
0.443073
0.46868
0.491532
0.457968
0.48133
0.512242
0.496327
0.498878
0.525913
0.522138
0.546725
0.544175
0.537237
0.577535
0.596205
0.605081
0.619669
0.611304
0.647623
0.66568
0.680371
0.710977
0.693634
0.720975
0.729341
0.736482
0.736278
0.77627
0.78382
0.839829
0.828402
0.854622
0.841767
0.877678
0.905019
0.932973
0.954295
0.95705
0.956947
0.9899
0.989594
0.98133
1
0.993879
0.960926
0.983881
0.965823
0.953479
0.920832
0.881147
0.848806
0.808508
0.782799
0.728117
0.651602
0.611508
0.540502
0.473475
0.39645
0.33789
0.275352
0.206999
0.148745
0.137931
0.113242
0.0812079
0.0676393
0.0415221
0.0413181
0.030708
0.0233626
0.0429504
0.0285656
0.0242807
0.0157111
-0.00010201
0.0110182
0.00479495
0.0111202
-0.0231585
0.00438685
0
-0.00805957
-0.00438685
-0.0198939
-0.0157111
0.00173435
-0.00448889
-0.025709
-0.00663131
-0.0231585
-0.0091818
-0.0129565
-0.0108141
-0.0163232
-0.010202
-0.0312181
-0.0156091
-0.0126505
0.0030606
-0.0124464
-0.0122424
-0.00805957
-0.0335646
-0.00469291
-0.0107121
-0.020404
-0.0198939
-0.0221383
-0.0172414
-0.015303
-0.0295858
-0.0182616
-0.025505
-0.0259131
-0.030708
-0.0190777
-0.0232606
-0.0112222
-0.00744745
-0.0315242
-0.0226484
-0.0194858
-0.0167313
-0.0181595
-0.0244848
-0.0185676
-0.00969191
-0.0299939
0
-0.0403999
-0.00816161
-0.0173434
-0.0285656
-0.0108141
-0.0309121
-0.0227504
-0.0202
-0.0109161
-0.025505
-0.0193838
-0.0380534
-0.0182616
-0.0286676
